
% hardest there is
main_matrix=[ 1 2 0 4 0 0 3 0 0;  % 1
              3 0 0 0 1 0 0 5 0;  % 2
              0 0 6 0 0 0 1 0 0;  % 3
              7 0 0 0 9 0 0 0 0;  % 4
              0 4 0 6 0 3 0 0 0;  % 5
              0 0 3 0 0 2 0 0 0;  % 6
              5 0 0 0 8 0 7 0 0;  % 7
              0 0 7 0 0 0 0 0 5;  % 8
              0 0 0 0 0 0 0 9 8;] % 9

% evil          
main_matrix=[ 0 0 0 8 0 0 2 0 9;  % 1
              0 1 8 0 0 0 0 0 0;  % 2
              0 5 0 6 4 0 0 0 0;  % 3
              0 2 0 0 0 9 1 0 3;  % 4
              3 0 0 0 0 0 0 0 8;  % 5
              9 0 1 3 0 0 0 7 0;  % 6
              0 0 0 0 7 6 0 1 0;  % 7
              0 0 0 0 0 0 6 2 0;  % 8
              6 0 4 0 0 5 0 0 0;] % 9
          
main_matrix=[ 0 0 3 0 0 0 0 0 0;  % 1
              0 0 0 7 0 0 0 4 2;  % 2
              0 0 7 0 8 4 0 3 0;  % 3
              5 6 0 0 0 8 9 0 0;  % 4
              0 0 0 0 4 0 0 0 0;  % 5
              0 0 8 2 0 0 0 5 1;  % 6
              0 1 0 4 7 0 2 0 0;  % 7
              9 2 0 0 0 6 0 0 0;  % 8
              0 0 0 0 0 0 6 0 0;] % 9